{
 "cells": [
  {
   "cell_type": "markdown",
   "id": "d2328b69",
   "metadata": {},
   "source": [
    "# KNN and A Standard Pipeline "
   ]
  },
  {
   "cell_type": "markdown",
   "id": "23ddb084",
   "metadata": {},
   "source": [
    "In this document we showcase how a standard feature manufacturing and selecting pipeline works, and investigate into cv loop of KNN. "
   ]
  },
  {
   "cell_type": "code",
   "execution_count": 14,
   "id": "8c61d44a",
   "metadata": {},
   "outputs": [],
   "source": [
    "import pandas as pd \n",
    "import numpy as np\n",
    "from sklearn.model_selection import train_test_split, RepeatedStratifiedKFold\n",
    "from sklearn.feature_selection import f_classif\n",
    "import itertools\n",
    "import sys\n",
    "import importlib\n",
    "from sklearn.pipeline import Pipeline\n",
    "from sklearn.preprocessing import StandardScaler, PolynomialFeatures\n",
    "from sklearn.neighbors import KNeighborsClassifier, NeighborhoodComponentsAnalysis \n",
    "from sklearn.metrics import classification_report, confusion_matrix, accuracy_score, f1_score, make_scorer\n",
    "from joblib import Parallel, delayed, parallel_backend\n",
    "from threadpoolctl import threadpool_limits\n",
    "import matplotlib.pylab as plt\n",
    "import os\n",
    "from sklearn.inspection import permutation_importance\n",
    "from scipy.stats import norm, t\n",
    "\n",
    "sys.path.append(\"../\")\n",
    "from proj_mod import training\n",
    "importlib.reload(training);"
   ]
  },
  {
   "cell_type": "markdown",
   "id": "d0bc042e",
   "metadata": {},
   "source": [
    "To ensure that there is no data leakage, the pipeline has to be fully automatic in evaluating the data, ranking importance, feature manufacturing, and finally, produce the model all ONLY on the train set. "
   ]
  },
  {
   "cell_type": "code",
   "execution_count": 2,
   "id": "08e260a8",
   "metadata": {},
   "outputs": [],
   "source": [
    "df=pd.read_csv(\"../data/raw.csv\")\n",
    "features=list(df.columns)[1:]\n",
    "target=[\"Y\"]\n",
    "feat=df[features]\n",
    "tar=df[target]\n",
    "x_t, x_v, y_t, y_v= train_test_split(feat,tar, test_size=0.2, random_state=0, stratify=tar[\"Y\"])\n",
    "n_splits=5"
   ]
  },
  {
   "cell_type": "markdown",
   "id": "a26e1a14",
   "metadata": {},
   "source": [
    "## Evaluating data"
   ]
  },
  {
   "cell_type": "markdown",
   "id": "776ebc44",
   "metadata": {},
   "source": [
    "With the input, we first analysis with Anova F test to rank importance of the raw features. "
   ]
  },
  {
   "cell_type": "code",
   "execution_count": 10,
   "id": "3a715c7e",
   "metadata": {},
   "outputs": [
    {
     "data": {
      "text/html": [
       "<div>\n",
       "<style scoped>\n",
       "    .dataframe tbody tr th:only-of-type {\n",
       "        vertical-align: middle;\n",
       "    }\n",
       "\n",
       "    .dataframe tbody tr th {\n",
       "        vertical-align: top;\n",
       "    }\n",
       "\n",
       "    .dataframe thead th {\n",
       "        text-align: right;\n",
       "    }\n",
       "</style>\n",
       "<table border=\"1\" class=\"dataframe\">\n",
       "  <thead>\n",
       "    <tr style=\"text-align: right;\">\n",
       "      <th></th>\n",
       "      <th>features</th>\n",
       "      <th>f score</th>\n",
       "      <th>p value</th>\n",
       "    </tr>\n",
       "  </thead>\n",
       "  <tbody>\n",
       "    <tr>\n",
       "      <th>0</th>\n",
       "      <td>X1</td>\n",
       "      <td>9.859455</td>\n",
       "      <td>0.002233</td>\n",
       "    </tr>\n",
       "    <tr>\n",
       "      <th>4</th>\n",
       "      <td>X5</td>\n",
       "      <td>4.947507</td>\n",
       "      <td>0.028423</td>\n",
       "    </tr>\n",
       "    <tr>\n",
       "      <th>5</th>\n",
       "      <td>X6</td>\n",
       "      <td>3.708349</td>\n",
       "      <td>0.057039</td>\n",
       "    </tr>\n",
       "    <tr>\n",
       "      <th>2</th>\n",
       "      <td>X3</td>\n",
       "      <td>1.225000</td>\n",
       "      <td>0.271091</td>\n",
       "    </tr>\n",
       "    <tr>\n",
       "      <th>3</th>\n",
       "      <td>X4</td>\n",
       "      <td>0.258824</td>\n",
       "      <td>0.612073</td>\n",
       "    </tr>\n",
       "    <tr>\n",
       "      <th>1</th>\n",
       "      <td>X2</td>\n",
       "      <td>0.160949</td>\n",
       "      <td>0.689158</td>\n",
       "    </tr>\n",
       "  </tbody>\n",
       "</table>\n",
       "</div>"
      ],
      "text/plain": [
       "  features   f score   p value\n",
       "0       X1  9.859455  0.002233\n",
       "4       X5  4.947507  0.028423\n",
       "5       X6  3.708349  0.057039\n",
       "2       X3  1.225000  0.271091\n",
       "3       X4  0.258824  0.612073\n",
       "1       X2  0.160949  0.689158"
      ]
     },
     "execution_count": 10,
     "metadata": {},
     "output_type": "execute_result"
    }
   ],
   "source": [
    "f_score, p_value = f_classif(X=x_t,y=y_t[\"Y\"])\n",
    "df_f=pd.DataFrame(({\"features\":x_t.columns, \n",
    "                    \"f score\": f_score, \n",
    "                    \"p value\": p_value}))\n",
    "df_f.sort_values(by=[\"f score\"], ascending=False)"
   ]
  },
  {
   "cell_type": "markdown",
   "id": "25090a7b",
   "metadata": {},
   "source": [
    "## Feature manufacturing "
   ]
  },
  {
   "cell_type": "markdown",
   "id": "056be76e",
   "metadata": {},
   "source": [
    "We describe how training.data_creator and training.data_selector behave: \n",
    "\n",
    "Keep in mind that input X of fit() DO NOT have to be input X of transform(). \n",
    "\n",
    "* data_creator: \n",
    "    - fit(): Using the X (features) and y (target) to learn f_arr_:=f_classif(X=X[features],y=y[\"Y\"])[0]. \n",
    "    - transform(): Create new features \"mean\", \"f_w_mean\", \"above_3\", \"above_4\", and \"above_5\" just like below for input X of transform. The only key point is that f_arr_ is learned in fit and applied here. \n",
    "\n",
    "* data_selector: \n",
    "    - fit(): Using X (features) and y (target) to learn feat_sel_ which consists of selected features based on anova f test f score and p value. \n",
    "    - transform(): Using the feat_sel_ to select only the wanted column of input X of transform. "
   ]
  },
  {
   "cell_type": "code",
   "execution_count": 13,
   "id": "3324cd13",
   "metadata": {},
   "outputs": [],
   "source": [
    "x_t_copy=x_t.copy(deep=True)\n",
    "x_t_copy[\"mean\"]=x_t_copy[features].mean(axis=1)\n",
    "x_t_copy[\"F_w_mean\"]=x_t_copy[features].apply(lambda row_arr: (np.array(row_arr)* f_classif(X=x_t_copy[features],y=y_t[\"Y\"])[0]).mean(), axis=1)\n",
    "# x_t_copy[\"mi_w_mean\"]=x_t_copy[features].apply(lambda row_arr: (np.array(row_arr)*mutual_info_classif(X=df2[features],y=df2[\"Y\"],discrete_features=True)).sum()/len(features), axis=1)\n",
    "x_t_copy[\"above_3\"]=x_t_copy[features].apply(lambda row_arr: (row_arr >= 3).mean(), axis=1)\n",
    "x_t_copy[\"above_4\"]=x_t_copy[features].apply(lambda row_arr: (row_arr >= 4).mean(), axis=1)\n",
    "x_t_copy[\"above_5\"]=x_t_copy[features].apply(lambda row_arr: (row_arr >= 5).mean(), axis=1)"
   ]
  },
  {
   "cell_type": "code",
   "execution_count": 14,
   "id": "65f04fb8",
   "metadata": {},
   "outputs": [
    {
     "data": {
      "text/html": [
       "<div>\n",
       "<style scoped>\n",
       "    .dataframe tbody tr th:only-of-type {\n",
       "        vertical-align: middle;\n",
       "    }\n",
       "\n",
       "    .dataframe tbody tr th {\n",
       "        vertical-align: top;\n",
       "    }\n",
       "\n",
       "    .dataframe thead th {\n",
       "        text-align: right;\n",
       "    }\n",
       "</style>\n",
       "<table border=\"1\" class=\"dataframe\">\n",
       "  <thead>\n",
       "    <tr style=\"text-align: right;\">\n",
       "      <th></th>\n",
       "      <th>X1</th>\n",
       "      <th>X2</th>\n",
       "      <th>X3</th>\n",
       "      <th>X4</th>\n",
       "      <th>X5</th>\n",
       "      <th>X6</th>\n",
       "      <th>mean</th>\n",
       "      <th>F_w_mean</th>\n",
       "      <th>above_3</th>\n",
       "      <th>above_4</th>\n",
       "      <th>above_5</th>\n",
       "    </tr>\n",
       "  </thead>\n",
       "  <tbody>\n",
       "    <tr>\n",
       "      <th>28</th>\n",
       "      <td>3</td>\n",
       "      <td>3</td>\n",
       "      <td>1</td>\n",
       "      <td>3</td>\n",
       "      <td>3</td>\n",
       "      <td>4</td>\n",
       "      <td>2.833333</td>\n",
       "      <td>10.289766</td>\n",
       "      <td>0.833333</td>\n",
       "      <td>0.166667</td>\n",
       "      <td>0.000000</td>\n",
       "    </tr>\n",
       "    <tr>\n",
       "      <th>46</th>\n",
       "      <td>5</td>\n",
       "      <td>3</td>\n",
       "      <td>3</td>\n",
       "      <td>4</td>\n",
       "      <td>4</td>\n",
       "      <td>5</td>\n",
       "      <td>4.000000</td>\n",
       "      <td>15.470365</td>\n",
       "      <td>1.000000</td>\n",
       "      <td>0.666667</td>\n",
       "      <td>0.333333</td>\n",
       "    </tr>\n",
       "    <tr>\n",
       "      <th>67</th>\n",
       "      <td>4</td>\n",
       "      <td>1</td>\n",
       "      <td>1</td>\n",
       "      <td>3</td>\n",
       "      <td>4</td>\n",
       "      <td>4</td>\n",
       "      <td>2.833333</td>\n",
       "      <td>12.703944</td>\n",
       "      <td>0.666667</td>\n",
       "      <td>0.500000</td>\n",
       "      <td>0.000000</td>\n",
       "    </tr>\n",
       "    <tr>\n",
       "      <th>3</th>\n",
       "      <td>5</td>\n",
       "      <td>4</td>\n",
       "      <td>3</td>\n",
       "      <td>3</td>\n",
       "      <td>3</td>\n",
       "      <td>5</td>\n",
       "      <td>3.833333</td>\n",
       "      <td>14.629468</td>\n",
       "      <td>1.000000</td>\n",
       "      <td>0.500000</td>\n",
       "      <td>0.333333</td>\n",
       "    </tr>\n",
       "    <tr>\n",
       "      <th>27</th>\n",
       "      <td>3</td>\n",
       "      <td>3</td>\n",
       "      <td>1</td>\n",
       "      <td>3</td>\n",
       "      <td>3</td>\n",
       "      <td>4</td>\n",
       "      <td>2.833333</td>\n",
       "      <td>10.289766</td>\n",
       "      <td>0.833333</td>\n",
       "      <td>0.166667</td>\n",
       "      <td>0.000000</td>\n",
       "    </tr>\n",
       "    <tr>\n",
       "      <th>...</th>\n",
       "      <td>...</td>\n",
       "      <td>...</td>\n",
       "      <td>...</td>\n",
       "      <td>...</td>\n",
       "      <td>...</td>\n",
       "      <td>...</td>\n",
       "      <td>...</td>\n",
       "      <td>...</td>\n",
       "      <td>...</td>\n",
       "      <td>...</td>\n",
       "      <td>...</td>\n",
       "    </tr>\n",
       "    <tr>\n",
       "      <th>57</th>\n",
       "      <td>4</td>\n",
       "      <td>4</td>\n",
       "      <td>4</td>\n",
       "      <td>4</td>\n",
       "      <td>3</td>\n",
       "      <td>4</td>\n",
       "      <td>3.833333</td>\n",
       "      <td>12.615471</td>\n",
       "      <td>1.000000</td>\n",
       "      <td>0.833333</td>\n",
       "      <td>0.000000</td>\n",
       "    </tr>\n",
       "    <tr>\n",
       "      <th>39</th>\n",
       "      <td>4</td>\n",
       "      <td>4</td>\n",
       "      <td>3</td>\n",
       "      <td>4</td>\n",
       "      <td>2</td>\n",
       "      <td>4</td>\n",
       "      <td>3.500000</td>\n",
       "      <td>11.586720</td>\n",
       "      <td>0.833333</td>\n",
       "      <td>0.666667</td>\n",
       "      <td>0.000000</td>\n",
       "    </tr>\n",
       "    <tr>\n",
       "      <th>94</th>\n",
       "      <td>3</td>\n",
       "      <td>1</td>\n",
       "      <td>3</td>\n",
       "      <td>2</td>\n",
       "      <td>1</td>\n",
       "      <td>2</td>\n",
       "      <td>2.000000</td>\n",
       "      <td>7.716028</td>\n",
       "      <td>0.333333</td>\n",
       "      <td>0.000000</td>\n",
       "      <td>0.000000</td>\n",
       "    </tr>\n",
       "    <tr>\n",
       "      <th>53</th>\n",
       "      <td>5</td>\n",
       "      <td>2</td>\n",
       "      <td>4</td>\n",
       "      <td>3</td>\n",
       "      <td>4</td>\n",
       "      <td>5</td>\n",
       "      <td>3.833333</td>\n",
       "      <td>15.604569</td>\n",
       "      <td>0.833333</td>\n",
       "      <td>0.666667</td>\n",
       "      <td>0.333333</td>\n",
       "    </tr>\n",
       "    <tr>\n",
       "      <th>31</th>\n",
       "      <td>4</td>\n",
       "      <td>1</td>\n",
       "      <td>3</td>\n",
       "      <td>4</td>\n",
       "      <td>4</td>\n",
       "      <td>5</td>\n",
       "      <td>3.500000</td>\n",
       "      <td>13.773472</td>\n",
       "      <td>0.833333</td>\n",
       "      <td>0.666667</td>\n",
       "      <td>0.166667</td>\n",
       "    </tr>\n",
       "  </tbody>\n",
       "</table>\n",
       "<p>100 rows × 11 columns</p>\n",
       "</div>"
      ],
      "text/plain": [
       "    X1  X2  X3  X4  X5  X6      mean   F_w_mean   above_3   above_4   above_5\n",
       "28   3   3   1   3   3   4  2.833333  10.289766  0.833333  0.166667  0.000000\n",
       "46   5   3   3   4   4   5  4.000000  15.470365  1.000000  0.666667  0.333333\n",
       "67   4   1   1   3   4   4  2.833333  12.703944  0.666667  0.500000  0.000000\n",
       "3    5   4   3   3   3   5  3.833333  14.629468  1.000000  0.500000  0.333333\n",
       "27   3   3   1   3   3   4  2.833333  10.289766  0.833333  0.166667  0.000000\n",
       "..  ..  ..  ..  ..  ..  ..       ...        ...       ...       ...       ...\n",
       "57   4   4   4   4   3   4  3.833333  12.615471  1.000000  0.833333  0.000000\n",
       "39   4   4   3   4   2   4  3.500000  11.586720  0.833333  0.666667  0.000000\n",
       "94   3   1   3   2   1   2  2.000000   7.716028  0.333333  0.000000  0.000000\n",
       "53   5   2   4   3   4   5  3.833333  15.604569  0.833333  0.666667  0.333333\n",
       "31   4   1   3   4   4   5  3.500000  13.773472  0.833333  0.666667  0.166667\n",
       "\n",
       "[100 rows x 11 columns]"
      ]
     },
     "execution_count": 14,
     "metadata": {},
     "output_type": "execute_result"
    }
   ],
   "source": [
    "x_t_copy"
   ]
  },
  {
   "cell_type": "markdown",
   "id": "88e5cfe6",
   "metadata": {},
   "source": [
    "## Ranking importance with consideration of colinearity "
   ]
  },
  {
   "cell_type": "code",
   "execution_count": 29,
   "id": "695e4d97",
   "metadata": {},
   "outputs": [
    {
     "data": {
      "text/html": [
       "<div>\n",
       "<style scoped>\n",
       "    .dataframe tbody tr th:only-of-type {\n",
       "        vertical-align: middle;\n",
       "    }\n",
       "\n",
       "    .dataframe tbody tr th {\n",
       "        vertical-align: top;\n",
       "    }\n",
       "\n",
       "    .dataframe thead th {\n",
       "        text-align: right;\n",
       "    }\n",
       "</style>\n",
       "<table border=\"1\" class=\"dataframe\">\n",
       "  <thead>\n",
       "    <tr style=\"text-align: right;\">\n",
       "      <th></th>\n",
       "      <th>X1</th>\n",
       "      <th>X2</th>\n",
       "      <th>X3</th>\n",
       "      <th>X4</th>\n",
       "      <th>X5</th>\n",
       "      <th>X6</th>\n",
       "      <th>mean</th>\n",
       "      <th>F_w_mean</th>\n",
       "      <th>above_3</th>\n",
       "      <th>above_4</th>\n",
       "      <th>above_5</th>\n",
       "      <th>Y</th>\n",
       "    </tr>\n",
       "  </thead>\n",
       "  <tbody>\n",
       "    <tr>\n",
       "      <th>X1</th>\n",
       "      <td>1.000000</td>\n",
       "      <td>0.003575</td>\n",
       "      <td>0.197993</td>\n",
       "      <td>0.033369</td>\n",
       "      <td>0.337179</td>\n",
       "      <td>0.376458</td>\n",
       "      <td>0.528688</td>\n",
       "      <td>0.841993</td>\n",
       "      <td>0.139387</td>\n",
       "      <td>0.443484</td>\n",
       "      <td>0.590197</td>\n",
       "      <td>0.302341</td>\n",
       "    </tr>\n",
       "    <tr>\n",
       "      <th>X2</th>\n",
       "      <td>0.003575</td>\n",
       "      <td>1.000000</td>\n",
       "      <td>0.202463</td>\n",
       "      <td>0.054034</td>\n",
       "      <td>0.009242</td>\n",
       "      <td>-0.087204</td>\n",
       "      <td>0.413327</td>\n",
       "      <td>0.019487</td>\n",
       "      <td>0.466674</td>\n",
       "      <td>0.276085</td>\n",
       "      <td>0.190669</td>\n",
       "      <td>-0.040493</td>\n",
       "    </tr>\n",
       "    <tr>\n",
       "      <th>X3</th>\n",
       "      <td>0.197993</td>\n",
       "      <td>0.202463</td>\n",
       "      <td>1.000000</td>\n",
       "      <td>0.282279</td>\n",
       "      <td>0.296808</td>\n",
       "      <td>0.186113</td>\n",
       "      <td>0.664461</td>\n",
       "      <td>0.393921</td>\n",
       "      <td>0.382278</td>\n",
       "      <td>0.612709</td>\n",
       "      <td>0.467855</td>\n",
       "      <td>0.111111</td>\n",
       "    </tr>\n",
       "    <tr>\n",
       "      <th>X4</th>\n",
       "      <td>0.033369</td>\n",
       "      <td>0.054034</td>\n",
       "      <td>0.282279</td>\n",
       "      <td>1.000000</td>\n",
       "      <td>0.209190</td>\n",
       "      <td>0.227200</td>\n",
       "      <td>0.522414</td>\n",
       "      <td>0.211180</td>\n",
       "      <td>0.379861</td>\n",
       "      <td>0.485408</td>\n",
       "      <td>0.336203</td>\n",
       "      <td>0.051323</td>\n",
       "    </tr>\n",
       "    <tr>\n",
       "      <th>X5</th>\n",
       "      <td>0.337179</td>\n",
       "      <td>0.009242</td>\n",
       "      <td>0.296808</td>\n",
       "      <td>0.209190</td>\n",
       "      <td>1.000000</td>\n",
       "      <td>0.283442</td>\n",
       "      <td>0.661435</td>\n",
       "      <td>0.732961</td>\n",
       "      <td>0.473777</td>\n",
       "      <td>0.569499</td>\n",
       "      <td>0.529855</td>\n",
       "      <td>0.219223</td>\n",
       "    </tr>\n",
       "    <tr>\n",
       "      <th>X6</th>\n",
       "      <td>0.376458</td>\n",
       "      <td>-0.087204</td>\n",
       "      <td>0.186113</td>\n",
       "      <td>0.227200</td>\n",
       "      <td>0.283442</td>\n",
       "      <td>1.000000</td>\n",
       "      <td>0.542631</td>\n",
       "      <td>0.607012</td>\n",
       "      <td>0.287410</td>\n",
       "      <td>0.443251</td>\n",
       "      <td>0.440585</td>\n",
       "      <td>0.190947</td>\n",
       "    </tr>\n",
       "    <tr>\n",
       "      <th>mean</th>\n",
       "      <td>0.528688</td>\n",
       "      <td>0.413327</td>\n",
       "      <td>0.664461</td>\n",
       "      <td>0.522414</td>\n",
       "      <td>0.661435</td>\n",
       "      <td>0.542631</td>\n",
       "      <td>1.000000</td>\n",
       "      <td>0.807285</td>\n",
       "      <td>0.665069</td>\n",
       "      <td>0.846197</td>\n",
       "      <td>0.749861</td>\n",
       "      <td>0.234216</td>\n",
       "    </tr>\n",
       "    <tr>\n",
       "      <th>F_w_mean</th>\n",
       "      <td>0.841993</td>\n",
       "      <td>0.019487</td>\n",
       "      <td>0.393921</td>\n",
       "      <td>0.211180</td>\n",
       "      <td>0.732961</td>\n",
       "      <td>0.607012</td>\n",
       "      <td>0.807285</td>\n",
       "      <td>1.000000</td>\n",
       "      <td>0.407332</td>\n",
       "      <td>0.685802</td>\n",
       "      <td>0.735868</td>\n",
       "      <td>0.329373</td>\n",
       "    </tr>\n",
       "    <tr>\n",
       "      <th>above_3</th>\n",
       "      <td>0.139387</td>\n",
       "      <td>0.466674</td>\n",
       "      <td>0.382278</td>\n",
       "      <td>0.379861</td>\n",
       "      <td>0.473777</td>\n",
       "      <td>0.287410</td>\n",
       "      <td>0.665069</td>\n",
       "      <td>0.407332</td>\n",
       "      <td>1.000000</td>\n",
       "      <td>0.441063</td>\n",
       "      <td>0.186543</td>\n",
       "      <td>0.056634</td>\n",
       "    </tr>\n",
       "    <tr>\n",
       "      <th>above_4</th>\n",
       "      <td>0.443484</td>\n",
       "      <td>0.276085</td>\n",
       "      <td>0.612709</td>\n",
       "      <td>0.485408</td>\n",
       "      <td>0.569499</td>\n",
       "      <td>0.443251</td>\n",
       "      <td>0.846197</td>\n",
       "      <td>0.685802</td>\n",
       "      <td>0.441063</td>\n",
       "      <td>1.000000</td>\n",
       "      <td>0.498374</td>\n",
       "      <td>0.206611</td>\n",
       "    </tr>\n",
       "    <tr>\n",
       "      <th>above_5</th>\n",
       "      <td>0.590197</td>\n",
       "      <td>0.190669</td>\n",
       "      <td>0.467855</td>\n",
       "      <td>0.336203</td>\n",
       "      <td>0.529855</td>\n",
       "      <td>0.440585</td>\n",
       "      <td>0.749861</td>\n",
       "      <td>0.735868</td>\n",
       "      <td>0.186543</td>\n",
       "      <td>0.498374</td>\n",
       "      <td>1.000000</td>\n",
       "      <td>0.235986</td>\n",
       "    </tr>\n",
       "    <tr>\n",
       "      <th>Y</th>\n",
       "      <td>0.302341</td>\n",
       "      <td>-0.040493</td>\n",
       "      <td>0.111111</td>\n",
       "      <td>0.051323</td>\n",
       "      <td>0.219223</td>\n",
       "      <td>0.190947</td>\n",
       "      <td>0.234216</td>\n",
       "      <td>0.329373</td>\n",
       "      <td>0.056634</td>\n",
       "      <td>0.206611</td>\n",
       "      <td>0.235986</td>\n",
       "      <td>1.000000</td>\n",
       "    </tr>\n",
       "  </tbody>\n",
       "</table>\n",
       "</div>"
      ],
      "text/plain": [
       "                X1        X2        X3        X4        X5        X6  \\\n",
       "X1        1.000000  0.003575  0.197993  0.033369  0.337179  0.376458   \n",
       "X2        0.003575  1.000000  0.202463  0.054034  0.009242 -0.087204   \n",
       "X3        0.197993  0.202463  1.000000  0.282279  0.296808  0.186113   \n",
       "X4        0.033369  0.054034  0.282279  1.000000  0.209190  0.227200   \n",
       "X5        0.337179  0.009242  0.296808  0.209190  1.000000  0.283442   \n",
       "X6        0.376458 -0.087204  0.186113  0.227200  0.283442  1.000000   \n",
       "mean      0.528688  0.413327  0.664461  0.522414  0.661435  0.542631   \n",
       "F_w_mean  0.841993  0.019487  0.393921  0.211180  0.732961  0.607012   \n",
       "above_3   0.139387  0.466674  0.382278  0.379861  0.473777  0.287410   \n",
       "above_4   0.443484  0.276085  0.612709  0.485408  0.569499  0.443251   \n",
       "above_5   0.590197  0.190669  0.467855  0.336203  0.529855  0.440585   \n",
       "Y         0.302341 -0.040493  0.111111  0.051323  0.219223  0.190947   \n",
       "\n",
       "              mean  F_w_mean   above_3   above_4   above_5         Y  \n",
       "X1        0.528688  0.841993  0.139387  0.443484  0.590197  0.302341  \n",
       "X2        0.413327  0.019487  0.466674  0.276085  0.190669 -0.040493  \n",
       "X3        0.664461  0.393921  0.382278  0.612709  0.467855  0.111111  \n",
       "X4        0.522414  0.211180  0.379861  0.485408  0.336203  0.051323  \n",
       "X5        0.661435  0.732961  0.473777  0.569499  0.529855  0.219223  \n",
       "X6        0.542631  0.607012  0.287410  0.443251  0.440585  0.190947  \n",
       "mean      1.000000  0.807285  0.665069  0.846197  0.749861  0.234216  \n",
       "F_w_mean  0.807285  1.000000  0.407332  0.685802  0.735868  0.329373  \n",
       "above_3   0.665069  0.407332  1.000000  0.441063  0.186543  0.056634  \n",
       "above_4   0.846197  0.685802  0.441063  1.000000  0.498374  0.206611  \n",
       "above_5   0.749861  0.735868  0.186543  0.498374  1.000000  0.235986  \n",
       "Y         0.234216  0.329373  0.056634  0.206611  0.235986  1.000000  "
      ]
     },
     "execution_count": 29,
     "metadata": {},
     "output_type": "execute_result"
    }
   ],
   "source": [
    "total=x_t_copy.copy(deep=True)\n",
    "total[\"Y\"]=y_t[\"Y\"]\n",
    "total_corr=total.corr()\n",
    "total_corr"
   ]
  },
  {
   "cell_type": "code",
   "execution_count": 30,
   "id": "2f3390cf",
   "metadata": {},
   "outputs": [],
   "source": [
    "total_corr[\"features\"]=total_corr.index"
   ]
  },
  {
   "cell_type": "code",
   "execution_count": 31,
   "id": "5d890c72",
   "metadata": {},
   "outputs": [
    {
     "data": {
      "text/html": [
       "<div>\n",
       "<style scoped>\n",
       "    .dataframe tbody tr th:only-of-type {\n",
       "        vertical-align: middle;\n",
       "    }\n",
       "\n",
       "    .dataframe tbody tr th {\n",
       "        vertical-align: top;\n",
       "    }\n",
       "\n",
       "    .dataframe thead th {\n",
       "        text-align: right;\n",
       "    }\n",
       "</style>\n",
       "<table border=\"1\" class=\"dataframe\">\n",
       "  <thead>\n",
       "    <tr style=\"text-align: right;\">\n",
       "      <th></th>\n",
       "      <th>X1</th>\n",
       "      <th>X2</th>\n",
       "      <th>X3</th>\n",
       "      <th>X4</th>\n",
       "      <th>X5</th>\n",
       "      <th>X6</th>\n",
       "      <th>mean</th>\n",
       "      <th>F_w_mean</th>\n",
       "      <th>above_3</th>\n",
       "      <th>above_4</th>\n",
       "      <th>above_5</th>\n",
       "      <th>Y</th>\n",
       "      <th>features</th>\n",
       "    </tr>\n",
       "  </thead>\n",
       "  <tbody>\n",
       "    <tr>\n",
       "      <th>X1</th>\n",
       "      <td>1.000000</td>\n",
       "      <td>0.003575</td>\n",
       "      <td>0.197993</td>\n",
       "      <td>0.033369</td>\n",
       "      <td>0.337179</td>\n",
       "      <td>0.376458</td>\n",
       "      <td>0.528688</td>\n",
       "      <td>0.841993</td>\n",
       "      <td>0.139387</td>\n",
       "      <td>0.443484</td>\n",
       "      <td>0.590197</td>\n",
       "      <td>0.302341</td>\n",
       "      <td>X1</td>\n",
       "    </tr>\n",
       "    <tr>\n",
       "      <th>X2</th>\n",
       "      <td>0.003575</td>\n",
       "      <td>1.000000</td>\n",
       "      <td>0.202463</td>\n",
       "      <td>0.054034</td>\n",
       "      <td>0.009242</td>\n",
       "      <td>-0.087204</td>\n",
       "      <td>0.413327</td>\n",
       "      <td>0.019487</td>\n",
       "      <td>0.466674</td>\n",
       "      <td>0.276085</td>\n",
       "      <td>0.190669</td>\n",
       "      <td>-0.040493</td>\n",
       "      <td>X2</td>\n",
       "    </tr>\n",
       "    <tr>\n",
       "      <th>X3</th>\n",
       "      <td>0.197993</td>\n",
       "      <td>0.202463</td>\n",
       "      <td>1.000000</td>\n",
       "      <td>0.282279</td>\n",
       "      <td>0.296808</td>\n",
       "      <td>0.186113</td>\n",
       "      <td>0.664461</td>\n",
       "      <td>0.393921</td>\n",
       "      <td>0.382278</td>\n",
       "      <td>0.612709</td>\n",
       "      <td>0.467855</td>\n",
       "      <td>0.111111</td>\n",
       "      <td>X3</td>\n",
       "    </tr>\n",
       "    <tr>\n",
       "      <th>X4</th>\n",
       "      <td>0.033369</td>\n",
       "      <td>0.054034</td>\n",
       "      <td>0.282279</td>\n",
       "      <td>1.000000</td>\n",
       "      <td>0.209190</td>\n",
       "      <td>0.227200</td>\n",
       "      <td>0.522414</td>\n",
       "      <td>0.211180</td>\n",
       "      <td>0.379861</td>\n",
       "      <td>0.485408</td>\n",
       "      <td>0.336203</td>\n",
       "      <td>0.051323</td>\n",
       "      <td>X4</td>\n",
       "    </tr>\n",
       "    <tr>\n",
       "      <th>X5</th>\n",
       "      <td>0.337179</td>\n",
       "      <td>0.009242</td>\n",
       "      <td>0.296808</td>\n",
       "      <td>0.209190</td>\n",
       "      <td>1.000000</td>\n",
       "      <td>0.283442</td>\n",
       "      <td>0.661435</td>\n",
       "      <td>0.732961</td>\n",
       "      <td>0.473777</td>\n",
       "      <td>0.569499</td>\n",
       "      <td>0.529855</td>\n",
       "      <td>0.219223</td>\n",
       "      <td>X5</td>\n",
       "    </tr>\n",
       "    <tr>\n",
       "      <th>X6</th>\n",
       "      <td>0.376458</td>\n",
       "      <td>-0.087204</td>\n",
       "      <td>0.186113</td>\n",
       "      <td>0.227200</td>\n",
       "      <td>0.283442</td>\n",
       "      <td>1.000000</td>\n",
       "      <td>0.542631</td>\n",
       "      <td>0.607012</td>\n",
       "      <td>0.287410</td>\n",
       "      <td>0.443251</td>\n",
       "      <td>0.440585</td>\n",
       "      <td>0.190947</td>\n",
       "      <td>X6</td>\n",
       "    </tr>\n",
       "    <tr>\n",
       "      <th>mean</th>\n",
       "      <td>0.528688</td>\n",
       "      <td>0.413327</td>\n",
       "      <td>0.664461</td>\n",
       "      <td>0.522414</td>\n",
       "      <td>0.661435</td>\n",
       "      <td>0.542631</td>\n",
       "      <td>1.000000</td>\n",
       "      <td>0.807285</td>\n",
       "      <td>0.665069</td>\n",
       "      <td>0.846197</td>\n",
       "      <td>0.749861</td>\n",
       "      <td>0.234216</td>\n",
       "      <td>mean</td>\n",
       "    </tr>\n",
       "    <tr>\n",
       "      <th>F_w_mean</th>\n",
       "      <td>0.841993</td>\n",
       "      <td>0.019487</td>\n",
       "      <td>0.393921</td>\n",
       "      <td>0.211180</td>\n",
       "      <td>0.732961</td>\n",
       "      <td>0.607012</td>\n",
       "      <td>0.807285</td>\n",
       "      <td>1.000000</td>\n",
       "      <td>0.407332</td>\n",
       "      <td>0.685802</td>\n",
       "      <td>0.735868</td>\n",
       "      <td>0.329373</td>\n",
       "      <td>F_w_mean</td>\n",
       "    </tr>\n",
       "    <tr>\n",
       "      <th>above_3</th>\n",
       "      <td>0.139387</td>\n",
       "      <td>0.466674</td>\n",
       "      <td>0.382278</td>\n",
       "      <td>0.379861</td>\n",
       "      <td>0.473777</td>\n",
       "      <td>0.287410</td>\n",
       "      <td>0.665069</td>\n",
       "      <td>0.407332</td>\n",
       "      <td>1.000000</td>\n",
       "      <td>0.441063</td>\n",
       "      <td>0.186543</td>\n",
       "      <td>0.056634</td>\n",
       "      <td>above_3</td>\n",
       "    </tr>\n",
       "    <tr>\n",
       "      <th>above_4</th>\n",
       "      <td>0.443484</td>\n",
       "      <td>0.276085</td>\n",
       "      <td>0.612709</td>\n",
       "      <td>0.485408</td>\n",
       "      <td>0.569499</td>\n",
       "      <td>0.443251</td>\n",
       "      <td>0.846197</td>\n",
       "      <td>0.685802</td>\n",
       "      <td>0.441063</td>\n",
       "      <td>1.000000</td>\n",
       "      <td>0.498374</td>\n",
       "      <td>0.206611</td>\n",
       "      <td>above_4</td>\n",
       "    </tr>\n",
       "    <tr>\n",
       "      <th>above_5</th>\n",
       "      <td>0.590197</td>\n",
       "      <td>0.190669</td>\n",
       "      <td>0.467855</td>\n",
       "      <td>0.336203</td>\n",
       "      <td>0.529855</td>\n",
       "      <td>0.440585</td>\n",
       "      <td>0.749861</td>\n",
       "      <td>0.735868</td>\n",
       "      <td>0.186543</td>\n",
       "      <td>0.498374</td>\n",
       "      <td>1.000000</td>\n",
       "      <td>0.235986</td>\n",
       "      <td>above_5</td>\n",
       "    </tr>\n",
       "    <tr>\n",
       "      <th>Y</th>\n",
       "      <td>0.302341</td>\n",
       "      <td>-0.040493</td>\n",
       "      <td>0.111111</td>\n",
       "      <td>0.051323</td>\n",
       "      <td>0.219223</td>\n",
       "      <td>0.190947</td>\n",
       "      <td>0.234216</td>\n",
       "      <td>0.329373</td>\n",
       "      <td>0.056634</td>\n",
       "      <td>0.206611</td>\n",
       "      <td>0.235986</td>\n",
       "      <td>1.000000</td>\n",
       "      <td>Y</td>\n",
       "    </tr>\n",
       "  </tbody>\n",
       "</table>\n",
       "</div>"
      ],
      "text/plain": [
       "                X1        X2        X3        X4        X5        X6  \\\n",
       "X1        1.000000  0.003575  0.197993  0.033369  0.337179  0.376458   \n",
       "X2        0.003575  1.000000  0.202463  0.054034  0.009242 -0.087204   \n",
       "X3        0.197993  0.202463  1.000000  0.282279  0.296808  0.186113   \n",
       "X4        0.033369  0.054034  0.282279  1.000000  0.209190  0.227200   \n",
       "X5        0.337179  0.009242  0.296808  0.209190  1.000000  0.283442   \n",
       "X6        0.376458 -0.087204  0.186113  0.227200  0.283442  1.000000   \n",
       "mean      0.528688  0.413327  0.664461  0.522414  0.661435  0.542631   \n",
       "F_w_mean  0.841993  0.019487  0.393921  0.211180  0.732961  0.607012   \n",
       "above_3   0.139387  0.466674  0.382278  0.379861  0.473777  0.287410   \n",
       "above_4   0.443484  0.276085  0.612709  0.485408  0.569499  0.443251   \n",
       "above_5   0.590197  0.190669  0.467855  0.336203  0.529855  0.440585   \n",
       "Y         0.302341 -0.040493  0.111111  0.051323  0.219223  0.190947   \n",
       "\n",
       "              mean  F_w_mean   above_3   above_4   above_5         Y  features  \n",
       "X1        0.528688  0.841993  0.139387  0.443484  0.590197  0.302341        X1  \n",
       "X2        0.413327  0.019487  0.466674  0.276085  0.190669 -0.040493        X2  \n",
       "X3        0.664461  0.393921  0.382278  0.612709  0.467855  0.111111        X3  \n",
       "X4        0.522414  0.211180  0.379861  0.485408  0.336203  0.051323        X4  \n",
       "X5        0.661435  0.732961  0.473777  0.569499  0.529855  0.219223        X5  \n",
       "X6        0.542631  0.607012  0.287410  0.443251  0.440585  0.190947        X6  \n",
       "mean      1.000000  0.807285  0.665069  0.846197  0.749861  0.234216      mean  \n",
       "F_w_mean  0.807285  1.000000  0.407332  0.685802  0.735868  0.329373  F_w_mean  \n",
       "above_3   0.665069  0.407332  1.000000  0.441063  0.186543  0.056634   above_3  \n",
       "above_4   0.846197  0.685802  0.441063  1.000000  0.498374  0.206611   above_4  \n",
       "above_5   0.749861  0.735868  0.186543  0.498374  1.000000  0.235986   above_5  \n",
       "Y         0.234216  0.329373  0.056634  0.206611  0.235986  1.000000         Y  "
      ]
     },
     "execution_count": 31,
     "metadata": {},
     "output_type": "execute_result"
    }
   ],
   "source": [
    "total_corr"
   ]
  },
  {
   "cell_type": "code",
   "execution_count": 18,
   "id": "d9f8c1f5",
   "metadata": {},
   "outputs": [
    {
     "data": {
      "text/html": [
       "<div>\n",
       "<style scoped>\n",
       "    .dataframe tbody tr th:only-of-type {\n",
       "        vertical-align: middle;\n",
       "    }\n",
       "\n",
       "    .dataframe tbody tr th {\n",
       "        vertical-align: top;\n",
       "    }\n",
       "\n",
       "    .dataframe thead th {\n",
       "        text-align: right;\n",
       "    }\n",
       "</style>\n",
       "<table border=\"1\" class=\"dataframe\">\n",
       "  <thead>\n",
       "    <tr style=\"text-align: right;\">\n",
       "      <th></th>\n",
       "      <th>Y</th>\n",
       "    </tr>\n",
       "  </thead>\n",
       "  <tbody>\n",
       "    <tr>\n",
       "      <th>X1</th>\n",
       "      <td>0.302341</td>\n",
       "    </tr>\n",
       "    <tr>\n",
       "      <th>X2</th>\n",
       "      <td>-0.040493</td>\n",
       "    </tr>\n",
       "    <tr>\n",
       "      <th>X3</th>\n",
       "      <td>0.111111</td>\n",
       "    </tr>\n",
       "    <tr>\n",
       "      <th>X4</th>\n",
       "      <td>0.051323</td>\n",
       "    </tr>\n",
       "    <tr>\n",
       "      <th>X5</th>\n",
       "      <td>0.219223</td>\n",
       "    </tr>\n",
       "    <tr>\n",
       "      <th>X6</th>\n",
       "      <td>0.190947</td>\n",
       "    </tr>\n",
       "    <tr>\n",
       "      <th>mean</th>\n",
       "      <td>0.234216</td>\n",
       "    </tr>\n",
       "    <tr>\n",
       "      <th>F_w_mean</th>\n",
       "      <td>0.329373</td>\n",
       "    </tr>\n",
       "    <tr>\n",
       "      <th>above_3</th>\n",
       "      <td>0.056634</td>\n",
       "    </tr>\n",
       "    <tr>\n",
       "      <th>above_4</th>\n",
       "      <td>0.206611</td>\n",
       "    </tr>\n",
       "    <tr>\n",
       "      <th>above_5</th>\n",
       "      <td>0.235986</td>\n",
       "    </tr>\n",
       "    <tr>\n",
       "      <th>Y</th>\n",
       "      <td>1.000000</td>\n",
       "    </tr>\n",
       "  </tbody>\n",
       "</table>\n",
       "</div>"
      ],
      "text/plain": [
       "                 Y\n",
       "X1        0.302341\n",
       "X2       -0.040493\n",
       "X3        0.111111\n",
       "X4        0.051323\n",
       "X5        0.219223\n",
       "X6        0.190947\n",
       "mean      0.234216\n",
       "F_w_mean  0.329373\n",
       "above_3   0.056634\n",
       "above_4   0.206611\n",
       "above_5   0.235986\n",
       "Y         1.000000"
      ]
     },
     "execution_count": 18,
     "metadata": {},
     "output_type": "execute_result"
    }
   ],
   "source": [
    "total_corr[[\"Y\"]]"
   ]
  },
  {
   "cell_type": "code",
   "execution_count": 22,
   "id": "7b931b7f",
   "metadata": {},
   "outputs": [
    {
     "data": {
      "text/html": [
       "<div>\n",
       "<style scoped>\n",
       "    .dataframe tbody tr th:only-of-type {\n",
       "        vertical-align: middle;\n",
       "    }\n",
       "\n",
       "    .dataframe tbody tr th {\n",
       "        vertical-align: top;\n",
       "    }\n",
       "\n",
       "    .dataframe thead th {\n",
       "        text-align: right;\n",
       "    }\n",
       "</style>\n",
       "<table border=\"1\" class=\"dataframe\">\n",
       "  <thead>\n",
       "    <tr style=\"text-align: right;\">\n",
       "      <th></th>\n",
       "      <th>Y</th>\n",
       "    </tr>\n",
       "  </thead>\n",
       "  <tbody>\n",
       "    <tr>\n",
       "      <th>F_w_mean</th>\n",
       "      <td>0.329373</td>\n",
       "    </tr>\n",
       "    <tr>\n",
       "      <th>X1</th>\n",
       "      <td>0.302341</td>\n",
       "    </tr>\n",
       "    <tr>\n",
       "      <th>above_5</th>\n",
       "      <td>0.235986</td>\n",
       "    </tr>\n",
       "    <tr>\n",
       "      <th>mean</th>\n",
       "      <td>0.234216</td>\n",
       "    </tr>\n",
       "    <tr>\n",
       "      <th>X5</th>\n",
       "      <td>0.219223</td>\n",
       "    </tr>\n",
       "    <tr>\n",
       "      <th>above_4</th>\n",
       "      <td>0.206611</td>\n",
       "    </tr>\n",
       "    <tr>\n",
       "      <th>X6</th>\n",
       "      <td>0.190947</td>\n",
       "    </tr>\n",
       "    <tr>\n",
       "      <th>X3</th>\n",
       "      <td>0.111111</td>\n",
       "    </tr>\n",
       "    <tr>\n",
       "      <th>above_3</th>\n",
       "      <td>0.056634</td>\n",
       "    </tr>\n",
       "    <tr>\n",
       "      <th>X4</th>\n",
       "      <td>0.051323</td>\n",
       "    </tr>\n",
       "    <tr>\n",
       "      <th>X2</th>\n",
       "      <td>-0.040493</td>\n",
       "    </tr>\n",
       "  </tbody>\n",
       "</table>\n",
       "</div>"
      ],
      "text/plain": [
       "                 Y\n",
       "F_w_mean  0.329373\n",
       "X1        0.302341\n",
       "above_5   0.235986\n",
       "mean      0.234216\n",
       "X5        0.219223\n",
       "above_4   0.206611\n",
