{
 "cells": [
  {
   "cell_type": "markdown",
   "id": "324c3505",
   "metadata": {},
   "source": [
    "# Naive Bayesian methods. "
   ]
  },
  {
   "cell_type": "code",
   "execution_count": 49,
   "id": "957014da",
   "metadata": {},
   "outputs": [],
   "source": [
    "import pandas as pd \n",
    "import numpy as np\n",
    "from sklearn.model_selection import train_test_split, RepeatedStratifiedKFold\n",
    "from sklearn.feature_selection import f_classif\n",
    "import itertools\n",
    "import sys\n",
    "import importlib\n",
    "from sklearn.pipeline import Pipeline\n",
    "from sklearn.preprocessing import StandardScaler, PolynomialFeatures, OrdinalEncoder\n",
    "# from sklearn.neighbors import KNeighborsClassifier, NeighborhoodComponentsAnalysis \n",
    "# from sklearn.linear_model import LogisticRegression\n",
    "from sklearn.naive_bayes import BernoulliNB, CategoricalNB, ComplementNB, GaussianNB, MultinomialNB\n",
    "from sklearn.metrics import classification_report, confusion_matrix, accuracy_score, f1_score, make_scorer\n",
    "from joblib import Parallel, delayed, parallel_backend\n",
    "from threadpoolctl import threadpool_limits\n",
    "import matplotlib.pylab as plt\n",
    "import os\n",
    "from sklearn.inspection import permutation_importance\n",
    "from scipy.stats import norm, t\n",
    "from sklearn.base import clone \n",
    "\n",
    "sys.path.append(\"../\")\n",
    "from proj_mod import training\n",
    "importlib.reload(training);"
   ]
  },
  {
   "cell_type": "markdown",
   "id": "7dd2f6d4",
   "metadata": {},
   "source": [
    "## Data importing "
   ]
  },
  {
   "cell_type": "code",
   "execution_count": 40,
   "id": "a9027140",
   "metadata": {},
   "outputs": [],
   "source": [
    "df=pd.read_csv(\"../data/raw.csv\")\n",
    "features=list(df.columns)[1:]\n",
    "target=[\"Y\"]\n",
    "feat=df[features]\n",
    "tar=df[target]\n",
    "# x_t, x_v, y_t, y_v= train_test_split(feat,tar, test_size=0.2, random_state=0, stratify=tar[\"Y\"])\n",
    "n_splits=5"
   ]
  },
  {
   "cell_type": "markdown",
   "id": "88f0148b",
   "metadata": {},
   "source": [
    "## For all raw features "
   ]
  },
  {
   "cell_type": "code",
   "execution_count": 41,
   "id": "0a52551b",
   "metadata": {},
   "outputs": [
    {
     "data": {
      "text/plain": [
       "Index(['X1', 'X3', 'X5', 'X6', 'mean', 'F_w_mean', 'above_4', 'above_5',\n",
       "       'count_3', 'count_5'],\n",
       "      dtype='object')"
      ]
     },
     "execution_count": 41,
     "metadata": {},
     "output_type": "execute_result"
    }
   ],
   "source": [
    "eva_pipe=Pipeline([(\"DataCreater\", training.data_creator(counts=True)),(\"DataSelector\",training.data_selector())])\n",
    "tar_arr=np.ravel(tar.values)\n",
    "eva_pipe.fit(X=feat,y=tar)\n",
    "eva_out=eva_pipe.transform(X=feat)\n",
    "eva_out.columns"
   ]
  },
  {
   "cell_type": "code",
   "execution_count": 42,
   "id": "75b56888",
   "metadata": {},
   "outputs": [
    {
     "data": {
      "text/html": [
       "<div>\n",
       "<style scoped>\n",
       "    .dataframe tbody tr th:only-of-type {\n",
       "        vertical-align: middle;\n",
       "    }\n",
       "\n",
       "    .dataframe tbody tr th {\n",
       "        vertical-align: top;\n",
       "    }\n",
       "\n",
       "    .dataframe thead th {\n",
       "        text-align: right;\n",
       "    }\n",
       "</style>\n",
       "<table border=\"1\" class=\"dataframe\">\n",
       "  <thead>\n",
       "    <tr style=\"text-align: right;\">\n",
       "      <th></th>\n",
       "      <th>features</th>\n",
       "      <th>f score</th>\n",
       "      <th>p value</th>\n",
       "      <th>X1</th>\n",
       "      <th>X2</th>\n",
       "      <th>X3</th>\n",
       "      <th>X4</th>\n",
       "      <th>X5</th>\n",
       "      <th>X6</th>\n",
       "      <th>mean</th>\n",
       "      <th>F_w_mean</th>\n",
       "      <th>above_3</th>\n",
       "      <th>above_4</th>\n",
       "      <th>above_5</th>\n",
       "      <th>count_1</th>\n",
       "      <th>count_2</th>\n",
       "      <th>count_3</th>\n",
       "      <th>count_4</th>\n",
       "      <th>count_5</th>\n",
       "      <th>Y</th>\n",
       "    </tr>\n",
       "  </thead>\n",
       "  <tbody>\n",
       "    <tr>\n",
       "      <th>0</th>\n",
       "      <td>X1</td>\n",
       "      <td>10.561708</td>\n",
       "      <td>0.001486</td>\n",
       "      <td>1.000000</td>\n",
       "      <td>0.059797</td>\n",
       "      <td>0.283358</td>\n",
       "      <td>0.087541</td>\n",
       "      <td>0.432772</td>\n",
       "      <td>0.411873</td>\n",
       "      <td>0.607460</td>\n",
       "      <td>0.834641</td>\n",
       "      <td>0.266199</td>\n",
       "      <td>0.492355</td>\n",
       "      <td>0.604855</td>\n",
       "      <td>-0.272144</td>\n",
       "      <td>-0.063015</td>\n",
       "      <td>-0.362352</td>\n",
       "      <td>-0.182806</td>\n",
       "      <td>0.604855</td>\n",
       "      <td>0.280160</td>\n",
       "    </tr>\n",
       "    <tr>\n",
       "      <th>2</th>\n",
       "      <td>X3</td>\n",
       "      <td>2.886959</td>\n",
       "      <td>0.091807</td>\n",
       "      <td>0.283358</td>\n",
       "      <td>0.184129</td>\n",
       "      <td>1.000000</td>\n",
       "      <td>0.302618</td>\n",
       "      <td>0.358397</td>\n",
       "      <td>0.203750</td>\n",
       "      <td>0.676149</td>\n",
       "      <td>0.532371</td>\n",
       "      <td>0.442280</td>\n",
       "      <td>0.638649</td>\n",
       "      <td>0.481689</td>\n",
       "      <td>-0.368676</td>\n",
       "      <td>-0.189451</td>\n",
       "      <td>-0.402565</td>\n",
       "      <td>0.097357</td>\n",
       "      <td>0.481689</td>\n",
       "      <td>0.150838</td>\n",
       "    </tr>\n",
       "    <tr>\n",
       "      <th>4</th>\n",
       "      <td>X5</td>\n",
       "      <td>6.582716</td>\n",
       "      <td>0.011488</td>\n",
       "      <td>0.432772</td>\n",
       "      <td>0.039996</td>\n",
       "      <td>0.358397</td>\n",
       "      <td>0.293115</td>\n",
       "      <td>1.000000</td>\n",
       "      <td>0.320195</td>\n",
       "      <td>0.712786</td>\n",
       "      <td>0.806779</td>\n",
       "      <td>0.491804</td>\n",
       "      <td>0.616787</td>\n",
       "      <td>0.586695</td>\n",
       "      <td>-0.292405</td>\n",
       "      <td>-0.330012</td>\n",
       "      <td>-0.343809</td>\n",
       "      <td>-0.040143</td>\n",
       "      <td>0.586695</td>\n",
       "      <td>0.224522</td>\n",
       "    </tr>\n",
       "    <tr>\n",
       "      <th>5</th>\n",
       "      <td>X6</td>\n",
       "      <td>3.586849</td>\n",
       "      <td>0.060568</td>\n",
       "      <td>0.411873</td>\n",
       "      <td>-0.062205</td>\n",
       "      <td>0.203750</td>\n",
       "      <td>0.215888</td>\n",
       "      <td>0.320195</td>\n",
       "      <td>1.000000</td>\n",
       "      <td>0.540096</td>\n",
       "      <td>0.574523</td>\n",
       "      <td>0.261704</td>\n",
       "      <td>0.458477</td>\n",
       "      <td>0.490605</td>\n",
       "      <td>-0.275081</td>\n",
       "      <td>-0.054304</td>\n",
       "      <td>-0.327806</td>\n",
       "      <td>-0.090021</td>\n",
       "      <td>0.490605</td>\n",
       "      <td>0.167669</td>\n",
       "    </tr>\n",
       "    <tr>\n",
       "      <th>6</th>\n",
       "      <td>mean</td>\n",
       "      <td>7.306094</td>\n",
       "      <td>0.007836</td>\n",
       "      <td>0.607460</td>\n",
       "      <td>0.426097</td>\n",
       "      <td>0.676149</td>\n",
       "      <td>0.557803</td>\n",
       "      <td>0.712786</td>\n",
       "      <td>0.540096</td>\n",
       "      <td>1.000000</td>\n",
       "      <td>0.869373</td>\n",
       "      <td>0.687659</td>\n",
       "      <td>0.848710</td>\n",
       "      <td>0.773920</td>\n",
       "      <td>-0.557112</td>\n",
       "      <td>-0.310913</td>\n",
       "      <td>-0.465487</td>\n",
       "      <td>-0.018374</td>\n",
       "      <td>0.773920</td>\n",
       "      <td>0.235885</td>\n",
       "    </tr>\n",
       "    <tr>\n",
       "      <th>7</th>\n",
       "      <td>F_w_mean</td>\n",
       "      <td>12.615311</td>\n",
       "      <td>0.000542</td>\n",
       "      <td>0.834641</td>\n",
       "      <td>0.078909</td>\n",
       "      <td>0.532371</td>\n",
       "      <td>0.298662</td>\n",
       "      <td>0.806779</td>\n",
       "      <td>0.574523</td>\n",
       "      <td>0.869373</td>\n",
       "      <td>1.000000</td>\n",
       "      <td>0.498831</td>\n",
       "      <td>0.743851</td>\n",
       "      <td>0.761327</td>\n",
       "      <td>-0.397480</td>\n",
       "      <td>-0.232290</td>\n",
       "      <td>-0.480216</td>\n",
       "      <td>-0.107788</td>\n",
       "      <td>0.761327</td>\n",
       "      <td>0.303878</td>\n",
       "    </tr>\n",
       "    <tr>\n",
       "      <th>9</th>\n",
       "      <td>above_4</td>\n",
       "      <td>7.194813</td>\n",
       "      <td>0.008308</td>\n",
       "      <td>0.492355</td>\n",
       "      <td>0.268810</td>\n",
       "      <td>0.638649</td>\n",
       "      <td>0.521454</td>\n",
       "      <td>0.616787</td>\n",
       "      <td>0.458477</td>\n",
       "      <td>0.848710</td>\n",
       "      <td>0.743851</td>\n",
       "      <td>0.465645</td>\n",
       "      <td>1.000000</td>\n",
       "      <td>0.546995</td>\n",
       "      <td>-0.306616</td>\n",
       "      <td>-0.282240</td>\n",
       "      <td>-0.788134</td>\n",
       "      <td>0.381294</td>\n",
       "      <td>0.546995</td>\n",
       "      <td>0.234181</td>\n",
       "    </tr>\n",
       "    <tr>\n",
       "      <th>10</th>\n",
       "      <td>above_5</td>\n",
       "      <td>6.520675</td>\n",
       "      <td>0.011874</td>\n",
       "      <td>0.604855</td>\n",
       "      <td>0.215269</td>\n",
       "      <td>0.481689</td>\n",
       "      <td>0.389949</td>\n",
       "      <td>0.586695</td>\n",
       "      <td>0.490605</td>\n",
       "      <td>0.773920</td>\n",
       "      <td>0.761327</td>\n",
       "      <td>0.229256</td>\n",
       "      <td>0.546995</td>\n",
       "      <td>1.000000</td>\n",
       "      <td>-0.129758</td>\n",
       "      <td>-0.160484</td>\n",
       "      <td>-0.448806</td>\n",
       "      <td>-0.565327</td>\n",
       "      <td>1.000000</td>\n",
       "      <td>0.223515</td>\n",
       "    </tr>\n",
       "    <tr>\n",
       "      <th>13</th>\n",
       "      <td>count_3</td>\n",
       "      <td>5.016985</td>\n",
       "      <td>0.026881</td>\n",
       "      <td>-0.362352</td>\n",
       "      <td>0.049254</td>\n",
       "      <td>-0.402565</td>\n",
       "      <td>-0.313167</td>\n",
       "      <td>-0.343809</td>\n",
       "      <td>-0.327806</td>\n",
       "      <td>-0.465487</td>\n",
       "      <td>-0.480216</td>\n",
       "      <td>0.177713</td>\n",
       "      <td>-0.788134</td>\n",
       "      <td>-0.448806</td>\n",
       "      <td>-0.103910</td>\n",
       "      <td>-0.121027</td>\n",
       "      <td>1.000000</td>\n",
       "      <td>-0.280964</td>\n",
       "      <td>-0.448806</td>\n",
       "      <td>-0.197196</td>\n",
       "    </tr>\n",
       "    <tr>\n",
       "      <th>15</th>\n",
       "      <td>count_5</td>\n",
       "      <td>6.520675</td>\n",
       "      <td>0.011874</td>\n",
       "      <td>0.604855</td>\n",
       "      <td>0.215269</td>\n",
       "      <td>0.481689</td>\n",
       "      <td>0.389949</td>\n",
       "      <td>0.586695</td>\n",
       "      <td>0.490605</td>\n",
       "      <td>0.773920</td>\n",
       "      <td>0.761327</td>\n",
       "      <td>0.229256</td>\n",
       "      <td>0.546995</td>\n",
       "      <td>1.000000</td>\n",
       "      <td>-0.129758</td>\n",
       "      <td>-0.160484</td>\n",
       "      <td>-0.448806</td>\n",
       "      <td>-0.565327</td>\n",
       "      <td>1.000000</td>\n",
       "      <td>0.223515</td>\n",
       "    </tr>\n",
       "  </tbody>\n",
       "</table>\n",
       "</div>"
      ],
      "text/plain": [
       "    features    f score   p value        X1        X2        X3        X4  \\\n",
       "0         X1  10.561708  0.001486  1.000000  0.059797  0.283358  0.087541   \n",
       "2         X3   2.886959  0.091807  0.283358  0.184129  1.000000  0.302618   \n",
       "4         X5   6.582716  0.011488  0.432772  0.039996  0.358397  0.293115   \n",
       "5         X6   3.586849  0.060568  0.411873 -0.062205  0.203750  0.215888   \n",
       "6       mean   7.306094  0.007836  0.607460  0.426097  0.676149  0.557803   \n",
       "7   F_w_mean  12.615311  0.000542  0.834641  0.078909  0.532371  0.298662   \n",
       "9    above_4   7.194813  0.008308  0.492355  0.268810  0.638649  0.521454   \n",
       "10   above_5   6.520675  0.011874  0.604855  0.215269  0.481689  0.389949   \n",
       "13   count_3   5.016985  0.026881 -0.362352  0.049254 -0.402565 -0.313167   \n",
       "15   count_5   6.520675  0.011874  0.604855  0.215269  0.481689  0.389949   \n",
       "\n",
       "          X5        X6      mean  F_w_mean   above_3   above_4   above_5  \\\n",
       "0   0.432772  0.411873  0.607460  0.834641  0.266199  0.492355  0.604855   \n",
       "2   0.358397  0.203750  0.676149  0.532371  0.442280  0.638649  0.481689   \n",
       "4   1.000000  0.320195  0.712786  0.806779  0.491804  0.616787  0.586695   \n",
       "5   0.320195  1.000000  0.540096  0.574523  0.261704  0.458477  0.490605   \n",
       "6   0.712786  0.540096  1.000000  0.869373  0.687659  0.848710  0.773920   \n",
       "7   0.806779  0.574523  0.869373  1.000000  0.498831  0.743851  0.761327   \n",
       "9   0.616787  0.458477  0.848710  0.743851  0.465645  1.000000  0.546995   \n",
       "10  0.586695  0.490605  0.773920  0.761327  0.229256  0.546995  1.000000   \n",
       "13 -0.343809 -0.327806 -0.465487 -0.480216  0.177713 -0.788134 -0.448806   \n",
       "15  0.586695  0.490605  0.773920  0.761327  0.229256  0.546995  1.000000   \n",
       "\n",
       "     count_1   count_2   count_3   count_4   count_5         Y  \n",
       "0  -0.272144 -0.063015 -0.362352 -0.182806  0.604855  0.280160  \n",
       "2  -0.368676 -0.189451 -0.402565  0.097357  0.481689  0.150838  \n",
       "4  -0.292405 -0.330012 -0.343809 -0.040143  0.586695  0.224522  \n",
       "5  -0.275081 -0.054304 -0.327806 -0.090021  0.490605  0.167669  \n",
       "6  -0.557112 -0.310913 -0.465487 -0.018374  0.773920  0.235885  \n",
       "7  -0.397480 -0.232290 -0.480216 -0.107788  0.761327  0.303878  \n",
       "9  -0.306616 -0.282240 -0.788134  0.381294  0.546995  0.234181  \n",
       "10 -0.129758 -0.160484 -0.448806 -0.565327  1.000000  0.223515  \n",
       "13 -0.103910 -0.121027  1.000000 -0.280964 -0.448806 -0.197196  \n",
       "15 -0.129758 -0.160484 -0.448806 -0.565327  1.000000  0.223515  "
      ]
     },
     "execution_count": 42,
     "metadata": {},
     "output_type": "execute_result"
    }
   ],
   "source": [
    "eva_pipe[\"DataSelector\"].sel_"
   ]
  },
  {
   "cell_type": "code",
   "execution_count": 43,
   "id": "8f6c34a8",
   "metadata": {},
   "outputs": [
    {
     "data": {
      "text/html": [
       "<div>\n",
       "<style scoped>\n",
       "    .dataframe tbody tr th:only-of-type {\n",
       "        vertical-align: middle;\n",
       "    }\n",
       "\n",
       "    .dataframe tbody tr th {\n",
       "        vertical-align: top;\n",
       "    }\n",
       "\n",
       "    .dataframe thead th {\n",
       "        text-align: right;\n",
       "    }\n",
       "</style>\n",
       "<table border=\"1\" class=\"dataframe\">\n",
       "  <thead>\n",
       "    <tr style=\"text-align: right;\">\n",
       "      <th></th>\n",
       "      <th>features</th>\n",
       "      <th>f score</th>\n",
       "      <th>p value</th>\n",
       "      <th>X1</th>\n",
       "      <th>X2</th>\n",
       "      <th>X3</th>\n",
       "      <th>X4</th>\n",
       "      <th>X5</th>\n",
       "      <th>X6</th>\n",
       "      <th>mean</th>\n",
       "      <th>F_w_mean</th>\n",
       "      <th>above_3</th>\n",
       "      <th>above_4</th>\n",
       "      <th>above_5</th>\n",
       "      <th>count_1</th>\n",
       "      <th>count_2</th>\n",
       "      <th>count_3</th>\n",
       "      <th>count_4</th>\n",
       "      <th>count_5</th>\n",
       "      <th>Y</th>\n",
       "    </tr>\n",
       "  </thead>\n",
       "  <tbody>\n",
       "    <tr>\n",
       "      <th>0</th>\n",
       "      <td>X1</td>\n",
       "      <td>10.561708</td>\n",
       "      <td>0.001486</td>\n",
       "      <td>1.000000</td>\n",
       "      <td>0.059797</td>\n",
       "      <td>0.283358</td>\n",
       "      <td>0.087541</td>\n",
       "      <td>0.432772</td>\n",
       "      <td>0.411873</td>\n",
       "      <td>0.607460</td>\n",
       "      <td>0.834641</td>\n",
       "      <td>0.266199</td>\n",
       "      <td>0.492355</td>\n",
       "      <td>0.604855</td>\n",
       "      <td>-0.272144</td>\n",
       "      <td>-0.063015</td>\n",
       "      <td>-0.362352</td>\n",
       "      <td>-0.182806</td>\n",
       "      <td>0.604855</td>\n",
       "      <td>0.280160</td>\n",
       "    </tr>\n",
       "    <tr>\n",
       "      <th>1</th>\n",
       "      <td>X2</td>\n",
       "      <td>0.073108</td>\n",
       "      <td>0.787313</td>\n",
       "      <td>0.059797</td>\n",
       "      <td>1.000000</td>\n",
       "      <td>0.184129</td>\n",
       "      <td>0.114838</td>\n",
       "      <td>0.039996</td>\n",
       "      <td>-0.062205</td>\n",
       "      <td>0.426097</td>\n",
       "      <td>0.078909</td>\n",
       "      <td>0.500598</td>\n",
       "      <td>0.268810</td>\n",
       "      <td>0.215269</td>\n",
       "      <td>-0.420657</td>\n",
       "      <td>-0.211012</td>\n",
       "      <td>0.049254</td>\n",
       "      <td>0.027148</td>\n",
       "      <td>0.215269</td>\n",
       "      <td>-0.024274</td>\n",
       "    </tr>\n",
       "    <tr>\n",
       "      <th>2</th>\n",
       "      <td>X3</td>\n",
       "      <td>2.886959</td>\n",
       "      <td>0.091807</td>\n",
       "      <td>0.283358</td>\n",
       "      <td>0.184129</td>\n",
       "      <td>1.000000</td>\n",
       "      <td>0.302618</td>\n",
       "      <td>0.358397</td>\n",
       "      <td>0.203750</td>\n",
       "      <td>0.676149</td>\n",
       "      <td>0.532371</td>\n",
       "      <td>0.442280</td>\n",
       "      <td>0.638649</td>\n",
       "      <td>0.481689</td>\n",
       "      <td>-0.368676</td>\n",
       "      <td>-0.189451</td>\n",
       "      <td>-0.402565</td>\n",
       "      <td>0.097357</td>\n",
       "      <td>0.481689</td>\n",
       "      <td>0.150838</td>\n",
       "    </tr>\n",
       "    <tr>\n",
       "      <th>3</th>\n",
       "      <td>X4</td>\n",
       "      <td>0.516657</td>\n",
       "      <td>0.473623</td>\n",
       "      <td>0.087541</td>\n",
       "      <td>0.114838</td>\n",
       "      <td>0.302618</td>\n",
       "      <td>1.000000</td>\n",
       "      <td>0.293115</td>\n",
       "      <td>0.215888</td>\n",
       "      <td>0.557803</td>\n",
       "      <td>0.298662</td>\n",
       "      <td>0.383442</td>\n",
       "      <td>0.521454</td>\n",
       "      <td>0.389949</td>\n",
       "      <td>-0.308409</td>\n",
       "      <td>-0.175639</td>\n",
       "      <td>-0.313167</td>\n",
       "      <td>0.083189</td>\n",
       "      <td>0.389949</td>\n",
       "      <td>0.064415</td>\n",
       "    </tr>\n",
       "    <tr>\n",
       "      <th>4</th>\n",
       "      <td>X5</td>\n",
       "      <td>6.582716</td>\n",
       "      <td>0.011488</td>\n",
       "      <td>0.432772</td>\n",
       "      <td>0.039996</td>\n",
       "      <td>0.358397</td>\n",
       "      <td>0.293115</td>\n",
       "      <td>1.000000</td>\n",
       "      <td>0.320195</td>\n",
       "      <td>0.712786</td>\n",
       "      <td>0.806779</td>\n",
       "      <td>0.491804</td>\n",
       "      <td>0.616787</td>\n",
       "      <td>0.586695</td>\n",
       "      <td>-0.292405</td>\n",
       "      <td>-0.330012</td>\n",
       "      <td>-0.343809</td>\n",
       "      <td>-0.040143</td>\n",
       "      <td>0.586695</td>\n",
       "      <td>0.224522</td>\n",
       "    </tr>\n",
       "    <tr>\n",
       "      <th>5</th>\n",
       "      <td>X6</td>\n",
       "      <td>3.586849</td>\n",
       "      <td>0.060568</td>\n",
       "      <td>0.411873</td>\n",
       "      <td>-0.062205</td>\n",
       "      <td>0.203750</td>\n",
       "      <td>0.215888</td>\n",
       "      <td>0.320195</td>\n",
       "      <td>1.000000</td>\n",
       "      <td>0.540096</td>\n",
       "      <td>0.574523</td>\n",
       "      <td>0.261704</td>\n",
       "      <td>0.458477</td>\n",
       "      <td>0.490605</td>\n",
       "      <td>-0.275081</td>\n",
       "      <td>-0.054304</td>\n",
       "      <td>-0.327806</td>\n",
       "      <td>-0.090021</td>\n",
       "      <td>0.490605</td>\n",
       "      <td>0.167669</td>\n",
       "    </tr>\n",
       "    <tr>\n",
       "      <th>6</th>\n",
       "      <td>mean</td>\n",
       "      <td>7.306094</td>\n",
       "      <td>0.007836</td>\n",
       "      <td>0.607460</td>\n",
       "      <td>0.426097</td>\n",
       "      <td>0.676149</td>\n",
       "      <td>0.557803</td>\n",
       "      <td>0.712786</td>\n",
       "      <td>0.540096</td>\n",
       "      <td>1.000000</td>\n",
       "      <td>0.869373</td>\n",
       "      <td>0.687659</td>\n",
       "      <td>0.848710</td>\n",
       "      <td>0.773920</td>\n",
       "      <td>-0.557112</td>\n",
       "      <td>-0.310913</td>\n",
       "      <td>-0.465487</td>\n",
       "      <td>-0.018374</td>\n",
       "      <td>0.773920</td>\n",
       "      <td>0.235885</td>\n",
       "    </tr>\n",
       "    <tr>\n",
       "      <th>7</th>\n",
       "      <td>F_w_mean</td>\n",
       "      <td>12.615311</td>\n",
       "      <td>0.000542</td>\n",
       "      <td>0.834641</td>\n",
       "      <td>0.078909</td>\n",
       "      <td>0.532371</td>\n",
       "      <td>0.298662</td>\n",
       "      <td>0.806779</td>\n",
       "      <td>0.574523</td>\n",
       "      <td>0.869373</td>\n",
       "      <td>1.000000</td>\n",
       "      <td>0.498831</td>\n",
       "      <td>0.743851</td>\n",
       "      <td>0.761327</td>\n",
       "      <td>-0.397480</td>\n",
       "      <td>-0.232290</td>\n",
       "      <td>-0.480216</td>\n",
       "      <td>-0.107788</td>\n",
       "      <td>0.761327</td>\n",
       "      <td>0.303878</td>\n",
       "    </tr>\n",
       "    <tr>\n",
       "      <th>8</th>\n",
       "      <td>above_3</td>\n",
       "      <td>1.032794</td>\n",
       "      <td>0.311482</td>\n",
       "      <td>0.266199</td>\n",
       "      <td>0.500598</td>\n",
       "      <td>0.442280</td>\n",
       "      <td>0.383442</td>\n",
       "      <td>0.491804</td>\n",
       "      <td>0.261704</td>\n",
       "      <td>0.687659</td>\n",
       "      <td>0.498831</td>\n",
       "      <td>1.000000</td>\n",
       "      <td>0.465645</td>\n",
       "      <td>0.229256</td>\n",
       "      <td>-0.639627</td>\n",
       "      <td>-0.625264</td>\n",
       "      <td>0.177713</td>\n",
       "      <td>0.205652</td>\n",
       "      <td>0.229256</td>\n",
       "      <td>0.090886</td>\n",
       "    </tr>\n",
       "    <tr>\n",
       "      <th>9</th>\n",
       "      <td>above_4</td>\n",
       "      <td>7.194813</td>\n",
       "      <td>0.008308</td>\n",
       "      <td>0.492355</td>\n",
       "      <td>0.268810</td>\n",
       "      <td>0.638649</td>\n",
       "      <td>0.521454</td>\n",
       "      <td>0.616787</td>\n",
       "      <td>0.458477</td>\n",
       "      <td>0.848710</td>\n",
       "      <td>0.743851</td>\n",
       "      <td>0.465645</td>\n",
       "      <td>1.000000</td>\n",
       "      <td>0.546995</td>\n",
       "      <td>-0.306616</td>\n",
       "      <td>-0.282240</td>\n",
       "      <td>-0.788134</td>\n",
       "      <td>0.381294</td>\n",
       "      <td>0.546995</td>\n",
       "      <td>0.234181</td>\n",
       "    </tr>\n",
       "    <tr>\n",
       "      <th>10</th>\n",
       "      <td>above_5</td>\n",
       "      <td>6.520675</td>\n",
       "      <td>0.011874</td>\n",
       "      <td>0.604855</td>\n",
       "      <td>0.215269</td>\n",
       "      <td>0.481689</td>\n",
       "      <td>0.389949</td>\n",
       "      <td>0.586695</td>\n",
       "      <td>0.490605</td>\n",
       "      <td>0.773920</td>\n",
       "      <td>0.761327</td>\n",
       "      <td>0.229256</td>\n",
       "      <td>0.546995</td>\n",
       "      <td>1.000000</td>\n",
       "      <td>-0.129758</td>\n",
       "      <td>-0.160484</td>\n",
       "      <td>-0.448806</td>\n",
       "      <td>-0.565327</td>\n",
       "      <td>1.000000</td>\n",
       "      <td>0.223515</td>\n",
       "    </tr>\n",
       "    <tr>\n",
       "      <th>11</th>\n",
       "      <td>count_1</td>\n",
       "      <td>0.457080</td>\n",
       "      <td>0.500251</td>\n",
       "      <td>-0.272144</td>\n",
       "      <td>-0.420657</td>\n",
       "      <td>-0.368676</td>\n",
       "      <td>-0.308409</td>\n",
       "      <td>-0.292405</td>\n",
       "      <td>-0.275081</td>\n",
       "      <td>-0.557112</td>\n",
       "      <td>-0.397480</td>\n",
       "      <td>-0.639627</td>\n",
       "      <td>-0.306616</td>\n",
       "      <td>-0.129758</td>\n",
       "      <td>1.000000</td>\n",
       "      <td>-0.199957</td>\n",
       "      <td>-0.103910</td>\n",
       "      <td>-0.158830</td>\n",
       "      <td>-0.129758</td>\n",
       "      <td>-0.060602</td>\n",
       "    </tr>\n",
       "    <tr>\n",
       "      <th>12</th>\n",
       "      <td>count_2</td>\n",
       "      <td>0.366975</td>\n",
       "      <td>0.545765</td>\n",
       "      <td>-0.063015</td>\n",
       "      <td>-0.211012</td>\n",
       "      <td>-0.189451</td>\n",
       "      <td>-0.175639</td>\n",
       "      <td>-0.330012</td>\n",
       "      <td>-0.054304</td>\n",
       "      <td>-0.310913</td>\n",
       "      <td>-0.232290</td>\n",
       "      <td>-0.625264</td>\n",
       "      <td>-0.282240</td>\n",
       "      <td>-0.160484</td>\n",
       "      <td>-0.199957</td>\n",
       "      <td>1.000000</td>\n",
       "      <td>-0.121027</td>\n",
       "      <td>-0.100881</td>\n",
       "      <td>-0.160484</td>\n",
       "      <td>-0.054321</td>\n",
       "    </tr>\n",
       "    <tr>\n",
       "      <th>13</th>\n",
       "      <td>count_3</td>\n",
       "      <td>5.016985</td>\n",
       "      <td>0.026881</td>\n",
       "      <td>-0.362352</td>\n",
       "      <td>0.049254</td>\n",
       "      <td>-0.402565</td>\n",
       "      <td>-0.313167</td>\n",
       "      <td>-0.343809</td>\n",
       "      <td>-0.327806</td>\n",
       "      <td>-0.465487</td>\n",
       "      <td>-0.480216</td>\n",
       "      <td>0.177713</td>\n",
       "      <td>-0.788134</td>\n",
       "      <td>-0.448806</td>\n",
       "      <td>-0.103910</td>\n",
       "      <td>-0.121027</td>\n",
       "      <td>1.000000</td>\n",
       "      <td>-0.280964</td>\n",
       "      <td>-0.448806</td>\n",
       "      <td>-0.197196</td>\n",
       "    </tr>\n",
       "    <tr>\n",
       "      <th>14</th>\n",
       "      <td>count_4</td>\n",
       "      <td>0.032071</td>\n",
       "      <td>0.858165</td>\n",
       "      <td>-0.182806</td>\n",
       "      <td>0.027148</td>\n",
       "      <td>0.097357</td>\n",
       "      <td>0.083189</td>\n",
       "      <td>-0.040143</td>\n",
       "      <td>-0.090021</td>\n",
       "      <td>-0.018374</td>\n",
       "      <td>-0.107788</td>\n",
       "      <td>0.205652</td>\n",
       "      <td>0.381294</td>\n",
       "      <td>-0.565327</td>\n",
       "      <td>-0.158830</td>\n",
       "      <td>-0.100881</td>\n",
       "      <td>-0.280964</td>\n",
       "      <td>1.000000</td>\n",
       "      <td>-0.565327</td>\n",
       "      <td>-0.016080</td>\n",
       "    </tr>\n",
       "    <tr>\n",
       "      <th>15</th>\n",
       "      <td>count_5</td>\n",
       "      <td>6.520675</td>\n",
       "      <td>0.011874</td>\n",
       "      <td>0.604855</td>\n",
       "      <td>0.215269</td>\n",
       "      <td>0.481689</td>\n",
       "      <td>0.389949</td>\n",
       "      <td>0.586695</td>\n",
       "      <td>0.490605</td>\n",
       "      <td>0.773920</td>\n",
       "      <td>0.761327</td>\n",
       "      <td>0.229256</td>\n",
       "      <td>0.546995</td>\n",
       "      <td>1.000000</td>\n",
       "      <td>-0.129758</td>\n",
       "      <td>-0.160484</td>\n",
       "      <td>-0.448806</td>\n",
       "      <td>-0.565327</td>\n",
       "      <td>1.000000</td>\n",
       "      <td>0.223515</td>\n",
       "    </tr>\n",
       "  </tbody>\n",
       "</table>\n",
       "</div>"
      ],
      "text/plain": [
       "    features    f score   p value        X1        X2        X3        X4  \\\n",
       "0         X1  10.561708  0.001486  1.000000  0.059797  0.283358  0.087541   \n",
       "1         X2   0.073108  0.787313  0.059797  1.000000  0.184129  0.114838   \n",
       "2         X3   2.886959  0.091807  0.283358  0.184129  1.000000  0.302618   \n",
       "3         X4   0.516657  0.473623  0.087541  0.114838  0.302618  1.000000   \n",
       "4         X5   6.582716  0.011488  0.432772  0.039996  0.358397  0.293115   \n",
       "5         X6   3.586849  0.060568  0.411873 -0.062205  0.203750  0.215888   \n",
       "6       mean   7.306094  0.007836  0.607460  0.426097  0.676149  0.557803   \n",
       "7   F_w_mean  12.615311  0.000542  0.834641  0.078909  0.532371  0.298662   \n",
       "8    above_3   1.032794  0.311482  0.266199  0.500598  0.442280  0.383442   \n",
       "9    above_4   7.194813  0.008308  0.492355  0.268810  0.638649  0.521454   \n",
       "10   above_5   6.520675  0.011874  0.604855  0.215269  0.481689  0.389949   \n",
       "11   count_1   0.457080  0.500251 -0.272144 -0.420657 -0.368676 -0.308409   \n",
       "12   count_2   0.366975  0.545765 -0.063015 -0.211012 -0.189451 -0.175639   \n",
       "13   count_3   5.016985  0.026881 -0.362352  0.049254 -0.402565 -0.313167   \n",
       "14   count_4   0.032071  0.858165 -0.182806  0.027148  0.097357  0.083189   \n",
       "15   count_5   6.520675  0.011874  0.604855  0.215269  0.481689  0.389949   \n",
       "\n",
       "          X5        X6      mean  F_w_mean   above_3   above_4   above_5  \\\n",
       "0   0.432772  0.411873  0.607460  0.834641  0.266199  0.492355  0.604855   \n",
       "1   0.039996 -0.062205  0.426097  0.078909  0.500598  0.268810  0.215269   \n",
       "2   0.358397  0.203750  0.676149  0.532371  0.442280  0.638649  0.481689   \n",
       "3   0.293115  0.215888  0.557803  0.298662  0.383442  0.521454  0.389949   \n",
       "4   1.000000  0.320195  0.712786  0.806779  0.491804  0.616787  0.586695   \n",
       "5   0.320195  1.000000  0.540096  0.574523  0.261704  0.458477  0.490605   \n",
       "6   0.712786  0.540096  1.000000  0.869373  0.687659  0.848710  0.773920   \n",
       "7   0.806779  0.574523  0.869373  1.000000  0.498831  0.743851  0.761327   \n",
       "8   0.491804  0.261704  0.687659  0.498831  1.000000  0.465645  0.229256   \n",
       "9   0.616787  0.458477  0.848710  0.743851  0.465645  1.000000  0.546995   \n",
       "10  0.586695  0.490605  0.773920  0.761327  0.229256  0.546995  1.000000   \n",
       "11 -0.292405 -0.275081 -0.557112 -0.397480 -0.639627 -0.306616 -0.129758   \n",
       "12 -0.330012 -0.054304 -0.310913 -0.232290 -0.625264 -0.282240 -0.160484   \n",
       "13 -0.343809 -0.327806 -0.465487 -0.480216  0.177713 -0.788134 -0.448806   \n",
       "14 -0.040143 -0.090021 -0.018374 -0.107788  0.205652  0.381294 -0.565327   \n",
       "15  0.586695  0.490605  0.773920  0.761327  0.229256  0.546995  1.000000   \n",
       "\n",
       "     count_1   count_2   count_3   count_4   count_5         Y  \n",
       "0  -0.272144 -0.063015 -0.362352 -0.182806  0.604855  0.280160  \n",
       "1  -0.420657 -0.211012  0.049254  0.027148  0.215269 -0.024274  \n",
       "2  -0.368676 -0.189451 -0.402565  0.097357  0.481689  0.150838  \n",
       "3  -0.308409 -0.175639 -0.313167  0.083189  0.389949  0.064415  \n",
       "4  -0.292405 -0.330012 -0.343809 -0.040143  0.586695  0.224522  \n",
       "5  -0.275081 -0.054304 -0.327806 -0.090021  0.490605  0.167669  \n",
       "6  -0.557112 -0.310913 -0.465487 -0.018374  0.773920  0.235885  \n",
       "7  -0.397480 -0.232290 -0.480216 -0.107788  0.761327  0.303878  \n",
       "8  -0.639627 -0.625264  0.177713  0.205652  0.229256  0.090886  \n",
       "9  -0.306616 -0.282240 -0.788134  0.381294  0.546995  0.234181  \n",
       "10 -0.129758 -0.160484 -0.448806 -0.565327  1.000000  0.223515  \n",
       "11  1.000000 -0.199957 -0.103910 -0.158830 -0.129758 -0.060602  \n",
       "12 -0.199957  1.000000 -0.121027 -0.100881 -0.160484 -0.054321  \n",
       "13 -0.103910 -0.121027  1.000000 -0.280964 -0.448806 -0.197196  \n",
       "14 -0.158830 -0.100881 -0.280964  1.000000 -0.565327 -0.016080  \n",
       "15 -0.129758 -0.160484 -0.448806 -0.565327  1.000000  0.223515  "
      ]
     },
     "execution_count": 43,
     "metadata": {},
     "output_type": "execute_result"
    }
   ],
   "source": [
    "eva_pipe[\"DataSelector\"].total_"
   ]
  },
  {
   "cell_type": "markdown",
   "id": "446f2d70",
   "metadata": {},
   "source": [
    "### Gaussian"
   ]
  },
  {
   "cell_type": "markdown",
   "id": "3f4c2f2e",
   "metadata": {},
   "source": [
    "Gaussian takes any value, so we will just send everything we believe will be helpful in. "
   ]
  },
  {
   "cell_type": "code",
   "execution_count": 45,
   "id": "9b76fa26",
   "metadata": {},
   "outputs": [
    {
     "name": "stderr",
     "output_type": "stream",
     "text": [
      "[Parallel(n_jobs=-1)]: Using backend LokyBackend with 16 concurrent workers.\n",
      "[Parallel(n_jobs=-1)]: Done   9 tasks      | elapsed:   17.0s\n",
      "[Parallel(n_jobs=-1)]: Done  18 tasks      | elapsed:   32.0s\n",
      "[Parallel(n_jobs=-1)]: Done  29 tasks      | elapsed:   32.9s\n",
      "[Parallel(n_jobs=-1)]: Done  40 tasks      | elapsed:   47.7s\n",
      "[Parallel(n_jobs=-1)]: Done  53 tasks      | elapsed:  1.0min\n",
      "[Parallel(n_jobs=-1)]: Done  66 tasks      | elapsed:  1.3min\n",
      "[Parallel(n_jobs=-1)]: Done  81 tasks      | elapsed:  1.5min\n",
      "[Parallel(n_jobs=-1)]: Done  96 tasks      | elapsed:  1.6min\n",
      "[Parallel(n_jobs=-1)]: Done 113 tasks      | elapsed:  2.0min\n",
      "[Parallel(n_jobs=-1)]: Done 130 tasks      | elapsed:  2.3min\n",
      "[Parallel(n_jobs=-1)]: Done 149 tasks      | elapsed:  2.6min\n",
      "[Parallel(n_jobs=-1)]: Done 168 tasks      | elapsed:  2.9min\n",
      "[Parallel(n_jobs=-1)]: Done 189 tasks      | elapsed:  3.1min\n",
      "[Parallel(n_jobs=-1)]: Done 210 tasks      | elapsed:  3.6min\n",
      "[Parallel(n_jobs=-1)]: Done 233 tasks      | elapsed:  3.9min\n",
      "[Parallel(n_jobs=-1)]: Done 256 tasks      | elapsed:  4.2min\n",
      "[Parallel(n_jobs=-1)]: Done 281 tasks      | elapsed:  4.7min\n",
      "[Parallel(n_jobs=-1)]: Done 306 tasks      | elapsed:  5.2min\n",
      "[Parallel(n_jobs=-1)]: Done 333 tasks      | elapsed:  5.5min\n",
      "[Parallel(n_jobs=-1)]: Done 360 tasks      | elapsed:  6.0min\n",
      "[Parallel(n_jobs=-1)]: Done 389 tasks      | elapsed:  6.5min\n",
      "[Parallel(n_jobs=-1)]: Done 418 tasks      | elapsed:  7.0min\n",
      "[Parallel(n_jobs=-1)]: Done 449 tasks      | elapsed:  7.4min\n",
      "[Parallel(n_jobs=-1)]: Done 480 tasks      | elapsed:  7.9min\n",
      "[Parallel(n_jobs=-1)]: Done 513 tasks      | elapsed:  8.5min\n",
      "[Parallel(n_jobs=-1)]: Done 546 tasks      | elapsed:  9.0min\n",
      "[Parallel(n_jobs=-1)]: Done 581 tasks      | elapsed:  9.6min\n",
      "[Parallel(n_jobs=-1)]: Done 616 tasks      | elapsed: 10.1min\n",
      "[Parallel(n_jobs=-1)]: Done 653 tasks      | elapsed: 10.7min\n",
      "[Parallel(n_jobs=-1)]: Done 690 tasks      | elapsed: 11.4min\n",
      "[Parallel(n_jobs=-1)]: Done 729 tasks      | elapsed: 12.0min\n",
      "[Parallel(n_jobs=-1)]: Done 768 tasks      | elapsed: 12.6min\n",
      "[Parallel(n_jobs=-1)]: Done 809 tasks      | elapsed: 13.3min\n",
      "[Parallel(n_jobs=-1)]: Done 850 tasks      | elapsed: 14.0min\n",
      "[Parallel(n_jobs=-1)]: Done 893 tasks      | elapsed: 14.6min\n",
      "[Parallel(n_jobs=-1)]: Done 936 tasks      | elapsed: 15.4min\n",
      "[Parallel(n_jobs=-1)]: Done 981 tasks      | elapsed: 16.1min\n",
      "[Parallel(n_jobs=-1)]: Done 1023 out of 1023 | elapsed: 16.7min finished\n"
     ]
    }
   ],
   "source": [
    "range_feat_combin = training.all_combin(eva_out.columns)\n",
    "model_choice={\n",
    "    \"Gaussian\": GaussianNB()\n",
    "    }\n",
    "\n",
    "n_split = 5\n",
    "n_repeats = 20\n",
    "\n",
    "RSKF = RepeatedStratifiedKFold(n_splits=n_split, random_state=420, n_repeats=n_repeats)\n",
    "\n",
    "splits = list(RSKF.split(X=feat, y=tar))\n",
    "\n",
    "def evaluate_combo(list_f_sel_tuple, model_name, splits, feat, tar):\n",
    "    \"\"\"\n",
    "    Evaluate one (feature_set, n_neighbors) across all CV folds.\n",
    "    \n",
    "    :param list_f_sel_tuple: A tuple indicating a combination.\n",
    "    :param model_name: A str name of the NB model used. \n",
    "    :param splits: A list of the pre generated splits. \n",
    "    :param feat: The feat df. \n",
    "    :param tar: The tar df. \n",
    "    :return: A dict with all the stats we want. \n",
    "    \"\"\"\n",
    "    list_f_sel = list(list_f_sel_tuple) \n",
    "    fold_acc = []\n",
    "    fold_f1 = []\n",
    "\n",
    "    for train_index, test_index in splits:\n",
    "        x_tr, x_te = feat.iloc[train_index], feat.iloc[test_index]\n",
    "        y_tr, y_te = tar.iloc[train_index], tar.iloc[test_index]\n",
    "\n",
    "        y_tr = np.ravel(y_tr.values)\n",
    "        y_te = np.ravel(y_te.values)\n",
    "\n",
    "        pipe = Pipeline([\n",
    "            (\"DataCreate\", training.data_creator(counts=True)),\n",
    "            (\"DataSelect\", training.data_selector(force=list_f_sel)),\n",
    "            (\"scale\", StandardScaler()),\n",
    "            (\"NB\", clone(model_choice[model_name])),\n",
    "        ])\n",
    "\n",
    "        pipe.fit(X=x_tr, y=y_tr)\n",
    "        y_p = pipe.predict(X=x_te)\n",
    "\n",
    "        fold_acc.append(accuracy_score(y_true=y_te, y_pred=y_p))\n",
    "        fold_f1.append(f1_score(y_true=y_te, y_pred=y_p))\n",
    "\n",
    "    str_model = model_name\n",
    "    str_features = \",\".join(list_f_sel)\n",
    "    acc_mean = float(np.mean(fold_acc))\n",
    "    acc_std  = float(np.std(fold_acc))\n",
    "    f1_mean  = float(np.mean(fold_f1))\n",
    "    f1_std   = float(np.std(fold_f1))\n",
    "    above_73 = float((np.array(fold_acc) >= 0.73).sum() / (len(splits)))\n",
    "    norm_above_73 = float(1-norm.cdf(0.73, loc=acc_mean, scale=acc_std))\n",
